CNV.ID	Sample	Correlation	N.comp	Start.b	End.b	CNV.type	N.exons	Start	End	Chromosome	Genomic.ID	BF	Reads.expected	Reads.observed	Reads.ratio	Gene
1	17296	0.998275238581015	2	8	8	deletion	1	17053948	17054020	1	chr1:17053948-17054020	11.2	532	284	0.534	SDHB
2	17296	0.998275238581015	2	25	25	deletion	1	47369506	47369582	2	chr2:47369506-47369582	4.47	69	34	0.493	EPCAM
3	17296	0.998275238581015	2	60	60	deletion	1	10141848	10142188	3	chr3:10141848-10142188	8.2	1239	769	0.621	VHL
4	17296	0.998275238581015	2	273	273	deletion	1	48303913	48304050	13	chr13:48303913-48304050	3.67	177	114	0.644	RB1
5	17296	0.998275238581015	2	354	354	deletion	1	31095310	31095370	17	chr17:31095310-31095370	7.79	203	107	0.527	NF1
6	17296	0.998275238581015	2	490	490	deletion	1	1220581	1220718	19	chr19:1220581-1220718	2.72	726	524	0.722	STK11
7	17297	0.999334760255163	10	273	273	deletion	1	48303913	48304050	13	chr13:48303913-48304050	4.13	473	330	0.698	RB1
8	17298	0.999031534145782	6	25	25	duplication	1	47369506	47369582	2	chr2:47369506-47369582	2.63	95	136	1.43	EPCAM
9	17298	0.999031534145782	6	115	115	duplication	1	5973399	5973543	7	chr7:5973399-5973543	8.79	147	259	1.76	PMS2
10	17299	0.998002476700416	5	115	115	duplication	1	5973399	5973543	7	chr7:5973399-5973543	13.2	257	452	1.76	PMS2
11	17299	0.998002476700416	5	273	273	deletion	1	48303913	48304050	13	chr13:48303913-48304050	8.33	733	472	0.644	RB1
12	17300	0.999347331458219	10	115	115	duplication	1	5973399	5973543	7	chr7:5973399-5973543	2.96	170	227	1.34	PMS2
13	17300	0.999347331458219	10	273	273	deletion	1	48303913	48304050	13	chr13:48303913-48304050	16.2	472	268	0.568	RB1
14	17301	0.998951068704401	5	41	41	duplication	1	47445548	47445658	2	chr2:47445548-47445658	9	3650	4771	1.31	MSH2
15	17301	0.998951068704401	5	60	60	deletion	1	10141848	10142188	3	chr3:10141848-10142188	8.23	2765	1959	0.708	VHL
16	17301	0.998951068704401	5	130	130	deletion	1	86756628	86756931	10	chr10:86756628-86756931	2.77	508	374	0.736	BMPR1A
17	17301	0.998951068704401	5	273	273	deletion	1	48303913	48304050	13	chr13:48303913-48304050	4.33	398	280	0.704	RB1
18	17301	0.998951068704401	5	313	313	deletion	1	68737416	68737464	16	chr16:68737416-68737464	7.95	474	311	0.656	CDH1
19	17301	0.998951068704401	5	354	354	deletion	1	31095310	31095370	17	chr17:31095310-31095370	8.65	502	326	0.649	NF1
20	17302	0.998848183049058	4	60	60	deletion	1	10141848	10142188	3	chr3:10141848-10142188	4.82	1429	969	0.678	VHL
21	17302	0.998848183049058	4	115	115	duplication	1	5973399	5973543	7	chr7:5973399-5973543	9.58	159	300	1.89	PMS2
22	17302	0.998848183049058	4	237	237	deletion	1	120993520	120993707	12	chr12:120993520-120993707	3.3	343	232	0.676	HNF1A
23	17302	0.998848183049058	4	354	354	deletion	1	31095310	31095370	17	chr17:31095310-31095370	12.4	242	103	0.426	NF1
24	17302	0.998848183049058	4	439	441	deletion	3	43104122	43106534	17	chr17:43104122-43106534	23.6	3278	2091	0.638	BRCA1
25	17303	0.997775280055773	1	42	49	deletion	8	47463031	47482950	2	chr2:47463031-47482950	44.2	12009	8003	0.666	MSH2
26	17303	0.997775280055773	1	60	60	deletion	1	10141848	10142188	3	chr3:10141848-10142188	6.58	1219	772	0.633	VHL
27	17303	0.997775280055773	1	130	130	deletion	1	86756628	86756931	10	chr10:86756628-86756931	3.59	238	161	0.676	BMPR1A
28	17303	0.997775280055773	1	273	273	deletion	1	48303913	48304050	13	chr13:48303913-48304050	3.51	177	117	0.661	RB1
29	17303	0.997775280055773	1	313	313	deletion	1	68737416	68737464	16	chr16:68737416-68737464	3.58	197	131	0.665	CDH1
30	17303	0.997775280055773	1	354	354	deletion	1	31095310	31095370	17	chr17:31095310-31095370	5.12	199	120	0.603	NF1
31	17303	0.997775280055773	1	490	490	deletion	1	1220581	1220718	19	chr19:1220581-1220718	2.73	749	551	0.736	STK11
32	17304	0.99926800244551	7	115	115	deletion	1	5973399	5973543	7	chr7:5973399-5973543	38.5	199	3	0.0151	PMS2
33	17304	0.99926800244551	7	300	300	deletion	1	23603459	23603670	16	chr16:23603459-23603670	20.7	2091	1140	0.545	PALB2
34	17304	0.99926800244551	7	354	354	deletion	1	31095310	31095370	17	chr17:31095310-31095370	11.6	399	220	0.551	NF1
35	17305	0.999041549821943	10	115	115	deletion	1	5973399	5973543	7	chr7:5973399-5973543	10.9	245	129	0.527	PMS2
36	17305	0.999041549821943	10	248	248	deletion	1	32319077	32319326	13	chr13:32319077-32319326	26	3765	2123	0.564	BRCA2
37	17306	0.999459984562421	13	426	426	deletion	1	43057052	43057136	17	chr17:43057052-43057136	26	814	414	0.509	BRCA1
38	17307	0.999337337365236	9	509	510	deletion	2	28724977	28725368	22	chr22:28724977-28725368	37.4	1489	776	0.521	CHEK2
39	17308	0.999637381229442	3	115	115	deletion	1	5973399	5973543	7	chr7:5973399-5973543	34.2	162	6	0.037	PMS2
40	17309	0.999423262299027	4	115	117	duplication	3	5973399	5978697	7	chr7:5973399-5978697	27	5956	7544	1.27	PMS2
41	17310	0.999477223491435	7	115	115	duplication	1	5973399	5973543	7	chr7:5973399-5973543	7.41	277	389	1.4	PMS2
42	17311	0.999265981775048	4	313	313	deletion	1	68737416	68737464	16	chr16:68737416-68737464	3.24	519	384	0.74	CDH1
43	17312	0.999485686375517	6	115	115	deletion	1	5973399	5973543	7	chr7:5973399-5973543	10.7	227	126	0.555	PMS2
44	17313	0.999485715966266	14	115	115	duplication	1	5973399	5973543	7	chr7:5973399-5973543	4.32	259	347	1.34	PMS2
45	17316	0.999229984043022	6	41	41	duplication	1	47445548	47445658	2	chr2:47445548-47445658	18.9	3613	5038	1.39	MSH2
46	17317	0.999433732093417	18	115	115	deletion	1	5973399	5973543	7	chr7:5973399-5973543	3.93	312	212	0.679	PMS2
47	17317	0.999433732093417	18	442	442	deletion	1	43115726	43115780	17	chr17:43115726-43115780	30.2	1107	549	0.496	BRCA1
48	17318	0.989526418630992	19	50	57	deletion	8	47783234	47806359	2	chr2:47783234-47806359	80.3	32263	16812	0.521	MSH6
49	17319	0.998740680534282	6	118	119	duplication	2	5982824	5987621	7	chr7:5982824-5987621	33.2	7594	10384	1.37	PMS2
50	17320	0.999441285478457	4	422	422	deletion	1	43045678	43045803	17	chr17:43045678-43045803	27.4	1026	586	0.571	BRCA1
51	17322	0.995258863929422	4	116	117	deletion	2	5977588	5978697	7	chr7:5977588-5978697	19.6	2976	1644	0.552	PMS2
52	17322	0.995258863929422	4	253	255	deletion	3	32329443	32333388	13	chr13:32329443-32333388	27.6	11582	6710	0.579	BRCA2
53	17323	0.993954035589474	4	273	273	duplication	1	48303913	48304050	13	chr13:48303913-48304050	3.09	557	839	1.51	RB1
54	17324	0.994289751130554	3	146	146	deletion	1	87931046	87931090	10	chr10:87931046-87931090	4.48	881	516	0.586	PTEN
55	17324	0.994289751130554	3	329	339	deletion	11	7669609	7687550	17	chr17:7669609-7687550	49.3	19694	11741	0.596	TP53
56	17325	0.999087679087295	9	115	115	duplication	1	5973399	5973543	7	chr7:5973399-5973543	5.46	377	506	1.34	PMS2
57	17325	0.999087679087295	9	273	273	duplication	1	48303913	48304050	13	chr13:48303913-48304050	5.3	1559	1997	1.28	RB1
58	17326	0.999203247012114	7	115	115	deletion	1	5973399	5973543	7	chr7:5973399-5973543	4.87	300	201	0.67	PMS2
59	17326	0.999203247012114	7	424	424	deletion	1	43049121	43049195	17	chr17:43049121-43049195	28.5	1651	880	0.533	BRCA1
60	17327	0.999517698489484	6	115	115	deletion	1	5973399	5973543	7	chr7:5973399-5973543	12.5	378	227	0.601	PMS2
61	17327	0.999517698489484	6	354	354	duplication	1	31095310	31095370	17	chr17:31095310-31095370	4.14	737	918	1.25	NF1
62	17330	0.999669522900158	11	115	115	duplication	1	5973399	5973543	7	chr7:5973399-5973543	4.4	371	486	1.31	PMS2
63	17330	0.999669522900158	11	273	273	duplication	1	48303913	48304050	13	chr13:48303913-48304050	10.3	1247	1657	1.33	RB1
64	17331	0.999125949365547	7	115	115	duplication	1	5973399	5973543	7	chr7:5973399-5973543	3.21	357	468	1.31	PMS2
65	17331	0.999125949365547	7	122	124	deletion	3	5995534	5999276	7	chr7:5995534-5999276	48.8	5917	3339	0.564	PMS2
66	17332	0.998741500847662	4	115	115	duplication	1	5973399	5973543	7	chr7:5973399-5973543	4.16	583	757	1.3	PMS2
67	17332	0.998741500847662	4	498	510	duplication	13	28687897	28725368	22	chr22:28687897-28725368	75	31546	41152	1.3	CHEK2
68	17333	0.999176312580579	6	130	130	duplication	1	86756628	86756931	10	chr10:86756628-86756931	4.08	1442	1788	1.24	BMPR1A
69	17333	0.999176312580579	6	273	273	duplication	1	48303913	48304050	13	chr13:48303913-48304050	5.65	1889	2381	1.26	RB1
70	17333	0.999176312580579	6	433	433	deletion	1	43082404	43082576	17	chr17:43082404-43082576	20.6	3048	1868	0.613	BRCA1
71	17334	0.999394284312047	10	115	115	duplication	1	5973399	5973543	7	chr7:5973399-5973543	5.45	460	608	1.32	PMS2
72	17334	0.999394284312047	10	229	230	duplication	2	108365082	108365509	11	chr11:108365082-108365509	29.2	6596	9085	1.38	ATM
73	17335	0.988896979141241	2	145	147	deletion	3	87925513	87933252	10	chr10:87925513-87933252	5.21	5255	3892	0.741	PTEN
74	17335	0.988896979141241	2	259	261	deletion	3	32354861	32357930	13	chr13:32354861-32357930	10.7	8600	5568	0.647	BRCA2
75	17335	0.988896979141241	2	273	273	deletion	1	48303913	48304050	13	chr13:48303913-48304050	3.68	1458	932	0.639	RB1
76	17335	0.988896979141241	2	277	279	deletion	3	48347825	48360128	13	chr13:48347825-48360128	5.75	5933	4390	0.74	RB1
77	17335	0.988896979141241	2	329	339	duplication	11	7669609	7687550	17	chr17:7669609-7687550	13.7	28328	34590	1.22	TP53
78	17336	0.999019222071824	2	115	115	deletion	1	5973399	5973543	7	chr7:5973399-5973543	7.63	42	6	0.143	PMS2
79	17336	0.999019222071824	2	296	299	deletion	4	48473360	48480072	13	chr13:48473360-48480072	50.3	4638	2857	0.616	RB1
80	17337	0.996706313342143	1	63	81	duplication	19	36993548	37050654	3	chr3:36993548-37050654	48.7	48408	56339	1.16	MLH1
81	17337	0.996706313342143	1	248	248	duplication	1	32319077	32319326	13	chr13:32319077-32319326	6.75	3788	4814	1.27	BRCA2
82	17337	0.996706313342143	1	273	273	duplication	1	48303913	48304050	13	chr13:48303913-48304050	6	1016	1296	1.28	RB1
83	17338	0.997916790338277	5	390	410	deletion	21	31325820	31360704	17	chr17:31325820-31360704	63.6	46083	31232	0.678	NF1
84	17339	0.81495992541873	2	396	399	deletion	4	31337368	31338806	17	chr17:31337368-31338806	3.58	4422	2167	0.49	NF1
85	17340	0.996366398926117	2	115	115	deletion	1	5973399	5973543	7	chr7:5973399-5973543	6.99	270	157	0.581	PMS2
86	17340	0.996366398926117	2	330	330	deletion	1	7670609	7670716	17	chr17:7670609-7670716	2.89	695	510	0.734	TP53
87	17340	0.996366398926117	2	438	441	duplication	4	43099775	43106534	17	chr17:43099775-43106534	12.3	9012	11378	1.26	BRCA1
88	17341	0.999414661957107	8	120	121	deletion	2	5989800	5992058	7	chr7:5989800-5992058	40.1	3246	1810	0.558	PMS2
89	17342	0.950513376966181	1	246	257	deletion	12	32315463	32344654	13	chr13:32315463-32344654	34.1	21851	14570	0.667	BRCA2
90	17343	0.999209851857088	7	42	43	deletion	2	47463031	47466809	2	chr2:47463031-47466809	46.4	4805	2542	0.529	MSH2
91	17356	0.998317031174071	2	25	25	deletion	1	47369506	47369582	2	chr2:47369506-47369582	2.97	57	34	0.596	EPCAM
92	17356	0.998317031174071	2	273	273	deletion	1	48303913	48304050	13	chr13:48303913-48304050	3.47	126	85	0.675	RB1
93	17356	0.998317031174071	2	354	354	deletion	1	31095310	31095370	17	chr17:31095310-31095370	5.16	127	78	0.614	NF1
94	17356	0.998317031174071	2	503	503	duplication	1	28696901	28696988	22	chr22:28696901-28696988	4.78	2238	2747	1.23	CHEK2
95	17357	0.999327953967038	9	266	269	deletion	4	32376670	32380146	13	chr13:32376670-32380146	64.9	7041	3933	0.559	BRCA2
96	17358	0.995027851280642	12	2	7	deletion	6	17022608	17044889	1	chr1:17022608-17044889	22.1	7614	4302	0.565	SDHB
97	17358	0.995027851280642	12	97	98	duplication	2	52409714	52409879	3	chr3:52409714-52409879	2.69	1648	2189	1.33	BAP1
98	17358	0.995027851280642	12	115	115	deletion	1	5973399	5973543	7	chr7:5973399-5973543	6.01	422	191	0.453	PMS2
99	17359	0.998811204432495	3	34	35	deletion	2	47403192	47408556	2	chr2:47403192-47408556	40.6	3261	1930	0.592	MSH2
100	17361	0.999098947053398	8	60	60	deletion	1	10141848	10142188	3	chr3:10141848-10142188	10.8	2241	1518	0.677	VHL
101	17361	0.999098947053398	8	313	313	deletion	1	68737416	68737464	16	chr16:68737416-68737464	9.4	307	181	0.59	CDH1
102	17361	0.999098947053398	8	354	354	deletion	1	31095310	31095370	17	chr17:31095310-31095370	12.9	399	225	0.564	NF1
103	17362	0.99896815619223	2	60	60	deletion	1	10141848	10142188	3	chr3:10141848-10142188	11.7	1204	781	0.649	VHL
104	17362	0.99896815619223	2	115	117	deletion	3	5973399	5978697	7	chr7:5973399-5978697	15	5142	3796	0.738	PMS2
105	17362	0.99896815619223	2	130	130	deletion	1	86756628	86756931	10	chr10:86756628-86756931	6.98	191	115	0.602	BMPR1A
106	17362	0.99896815619223	2	313	313	deletion	1	68737416	68737464	16	chr16:68737416-68737464	2.83	130	90	0.692	CDH1
107	17362	0.99896815619223	2	354	354	deletion	1	31095310	31095370	17	chr17:31095310-31095370	11.5	175	83	0.474	NF1
108	17362	0.99896815619223	2	433	433	duplication	1	43082404	43082576	17	chr17:43082404-43082576	9.95	2438	3271	1.34	BRCA1
109	17362	0.99896815619223	2	503	504	duplication	2	28696901	28699938	22	chr22:28696901-28699938	9.49	2585	3216	1.24	CHEK2
110	17363	0.999075403531586	2	115	117	duplication	3	5973399	5978697	7	chr7:5973399-5978697	10	5359	6325	1.18	PMS2
111	17363	0.999075403531586	2	503	504	deletion	2	28696901	28699938	22	chr22:28696901-28699938	28.6	2931	1802	0.615	CHEK2
112	17364	0.999480148571416	3	115	115	duplication	1	5973399	5973543	7	chr7:5973399-5973543	22.2	456	736	1.61	PMS2
113	17364	0.999480148571416	3	266	266	duplication	1	32376670	32376792	13	chr13:32376670-32376792	11.8	1099	1440	1.31	BRCA2
114	17365	0.999259086546464	21	115	115	deletion	1	5973399	5973543	7	chr7:5973399-5973543	8.29	378	231	0.611	PMS2
115	17365	0.999259086546464	21	273	273	deletion	1	48303913	48304050	13	chr13:48303913-48304050	12.1	676	407	0.602	RB1
116	17365	0.999259086546464	21	339	339	deletion	1	7687366	7687550	17	chr17:7687366-7687550	38.4	3118	1488	0.477	TP53
117	17366	0.996942646589855	2	26	33	duplication	24	47373463	47482950	2	chr2:47373463-47482950	68.1	47132	57693	1.22	EPCAM
117	17366	0.996942646589855	2	34	49	duplication	24	47373463	47482950	2	chr2:47373463-47482950	68.1	47132	57693	1.22	MSH2
118	17367	0.9995576749357	8	115	115	duplication	1	5973399	5973543	7	chr7:5973399-5973543	11.3	359	520	1.45	PMS2
119	17369	0.998769795898006	8	115	116	duplication	2	5973399	5977758	7	chr7:5973399-5977758	18.3	3024	4286	1.42	PMS2
120	17369	0.998769795898006	8	430	430	deletion	1	43070928	43071239	17	chr17:43070928-43071239	25.9	3459	1859	0.537	BRCA1
121	17370	0.999516665642	4	273	273	deletion	1	48303913	48304050	13	chr13:48303913-48304050	16.8	437	257	0.588	RB1
122	17370	0.999516665642	4	313	313	deletion	1	68737416	68737464	16	chr16:68737416-68737464	11.1	447	290	0.649	CDH1
123	17371	0.999508034580763	3	115	115	deletion	1	5973399	5973543	7	chr7:5973399-5973543	21.6	423	218	0.515	PMS2
124	17371	0.999508034580763	3	115	117	duplication	2	5973399	5978697	7	chr7:5973399-5978697	-17.6	4523	5400	1.19	PMS2
125	17371	0.999508034580763	3	313	313	deletion	1	68737416	68737464	16	chr16:68737416-68737464	5.22	306	213	0.696	CDH1
126	17371	0.999508034580763	3	354	354	deletion	1	31095310	31095370	17	chr17:31095310-31095370	4.21	407	295	0.725	NF1
127	17371	0.999508034580763	3	426	426	deletion	1	43057052	43057136	17	chr17:43057052-43057136	22.7	1111	677	0.609	BRCA1
128	17372	0.998763345061961	2	25	25	deletion	1	47369506	47369582	2	chr2:47369506-47369582	3.77	125	81	0.648	EPCAM
129	17372	0.998763345061961	2	60	60	deletion	1	10141848	10142188	3	chr3:10141848-10142188	10.4	2382	1582	0.664	VHL
130	17372	0.998763345061961	2	115	115	duplication	1	5973399	5973543	7	chr7:5973399-5973543	3.06	328	412	1.26	PMS2
131	17372	0.998763345061961	2	120	121	duplication	2	5989800	5992058	7	chr7:5989800-5992058	6.79	2231	2728	1.22	PMS2
132	17372	0.998763345061961	2	354	354	deletion	1	31095310	31095370	17	chr17:31095310-31095370	9.85	396	239	0.604	NF1
133	17373	0.999616982475274	17	115	115	duplication	1	5973399	5973543	7	chr7:5973399-5973543	8.02	268	384	1.43	PMS2
134	17375	0.99866508631634	6	498	510	duplication	13	28687897	28725368	22	chr22:28687897-28725368	36.6	20477	26324	1.29	CHEK2
135	17377	0.999243677494955	12	229	230	duplication	2	108365082	108365509	11	chr11:108365082-108365509	40.9	4572	6688	1.46	ATM
136	17378	0.999368480999133	19	273	273	deletion	1	48303913	48304050	13	chr13:48303913-48304050	9.02	657	390	0.594	RB1
137	17378	0.999368480999133	19	501	505	deletion	5	28695127	28703567	22	chr22:28695127-28703567	71	7017	3868	0.551	CHEK2
138	17379	0.999434589413374	8	115	115	deletion	1	5973399	5973543	7	chr7:5973399-5973543	8.53	319	188	0.589	PMS2
139	17379	0.999434589413374	8	120	121	deletion	2	5989800	5992058	7	chr7:5989800-5992058	35.8	2592	1449	0.559	PMS2
140	17379	0.999434589413374	8	273	273	deletion	1	48303913	48304050	13	chr13:48303913-48304050	13.7	582	326	0.56	RB1
141	17379	0.999434589413374	8	313	313	deletion	1	68737416	68737464	16	chr16:68737416-68737464	9.12	519	320	0.617	CDH1
142	17380	0.998792813446257	10	246	248	duplication	3	32315463	32319326	13	chr13:32315463-32319326	30.6	6027	8633	1.43	BRCA2
143	17380	0.998792813446257	10	313	313	deletion	1	68737416	68737464	16	chr16:68737416-68737464	6.12	428	275	0.643	CDH1
144	17381	0.996760735726769	2	116	117	duplication	2	5977588	5978697	7	chr7:5977588-5978697	4.33	3748	4723	1.26	PMS2
145	17382	0.999456474338584	7	115	115	deletion	1	5973399	5973543	7	chr7:5973399-5973543	12.2	243	130	0.535	PMS2
146	17382	0.999456474338584	7	273	273	duplication	1	48303913	48304050	13	chr13:48303913-48304050	5.64	686	886	1.29	RB1
147	17383	0.984090599884795	1	2	7	duplication	6	17022608	17044889	1	chr1:17022608-17044889	10.5	5092	6978	1.37	SDHB
148	17383	0.984090599884795	1	116	117	deletion	2	5977588	5978697	7	chr7:5977588-5978697	8.03	3010	1543	0.513	PMS2
149	17383	0.984090599884795	1	273	274	duplication	2	48303913	48307407	13	chr13:48303913-48307407	4.95	3152	4029	1.28	RB1
150	17383	0.984090599884795	1	313	313	duplication	1	68737416	68737464	16	chr16:68737416-68737464	3.68	506	823	1.63	CDH1
151	17384	0.998710016630588	4	434	434	deletion	1	43090944	43091033	17	chr17:43090944-43091033	21.2	830	504	0.607	BRCA1
152	17385	0.999218232562041	3	54	55	deletion	2	47803420	47805028	2	chr2:47803420-47805028	28.6	1353	828	0.612	MSH6
153	17385	0.999218232562041	3	116	117	deletion	2	5977588	5978697	7	chr7:5977588-5978697	37.8	3162	1934	0.612	PMS2
154	17386	0.999107124845849	17	40	40	deletion	1	47429742	47429942	2	chr2:47429742-47429942	31.7	2183	1111	0.509	MSH2
155	17388	0.999021553146292	6	448	453	deletion	6	58703196	58734223	17	chr17:58703196-58734223	76.2	8135	4510	0.554	RAD51C
156	17389	0.999477101372042	8	115	117	duplication	3	5973399	5978697	7	chr7:5973399-5978697	4.16	4105	5028	1.22	PMS2
157	17389	0.999477101372042	8	273	273	duplication	1	48303913	48304050	13	chr13:48303913-48304050	9.71	660	900	1.36	RB1
158	17390	0.996383655949974	2	37	38	deletion	2	47412414	47414419	2	chr2:47412414-47414419	20.6	2884	1732	0.601	MSH2
159	17390	0.996383655949974	2	116	129	duplication	14	5977588	6009020	7	chr7:5977588-6009020	52.8	32870	41706	1.27	PMS2
160	17391	0.998936753045643	11	115	115	deletion	1	5973399	5973543	7	chr7:5973399-5973543	9.15	275	152	0.553	PMS2
161	17392	0.999459101667202	8	143	143	deletion	1	87864470	87864549	10	chr10:87864470-87864549	30.6	1293	730	0.565	PTEN
162	17393	0.998543810288128	7	115	115	deletion	1	5973399	5973543	7	chr7:5973399-5973543	7.05	348	198	0.569	PMS2
163	17393	0.998543810288128	7	246	247	deletion	2	32315463	32316528	13	chr13:32315463-32316528	15.8	3834	2335	0.609	BRCA2
164	17394	0.964659826641099	3	107	112	deletion	6	112815495	112828973	5	chr5:112815495-112828973	10.8	7706	4173	0.542	APC
165	17394	0.964659826641099	3	296	299	deletion	4	48473360	48480072	13	chr13:48473360-48480072	4.38	3949	2478	0.628	RB1
166	17394	0.964659826641099	3	371	375	deletion	5	31226435	31229975	17	chr17:31226435-31229975	5.07	8084	5092	0.63	NF1
167	17395	0.999528462350727	6	115	115	deletion	1	5973399	5973543	7	chr7:5973399-5973543	21.5	374	191	0.511	PMS2
168	17395	0.999528462350727	6	354	354	duplication	1	31095310	31095370	17	chr17:31095310-31095370	7.88	662	859	1.3	NF1
169	17396	0.998128125292947	5	273	273	duplication	1	48303913	48304050	13	chr13:48303913-48304050	6.25	482	714	1.48	RB1
170	17396	0.998128125292947	5	335	339	deletion	5	7675053	7687550	17	chr17:7675053-7687550	61.5	10481	5851	0.558	TP53
171	17397	0.999474849029215	12	115	115	deletion	1	5973399	5973543	7	chr7:5973399-5973543	8.5	289	180	0.623	PMS2
172	17398	0.998531598515011	4	433	433	duplication	1	43082404	43082576	17	chr17:43082404-43082576	6.19	1372	1888	1.38	BRCA1
173	17400	0.998252114077529	7	422	425	deletion	4	43045678	43051118	17	chr17:43045678-43051118	31.8	3536	1868	0.528	BRCA1
174	17402	0.999297037990721	10	115	115	duplication	1	5973399	5973543	7	chr7:5973399-5973543	7.43	256	380	1.48	PMS2
175	17402	0.999297037990721	10	247	247	deletion	1	32316461	32316528	13	chr13:32316461-32316528	20.4	1385	772	0.557	BRCA2
176	17403	0.99940598777181	3	429	429	deletion	1	43067608	43067696	17	chr17:43067608-43067696	28.4	930	514	0.553	BRCA1
